# VELOCITY:     AVE_POFV:        ERROR:
    0.102062           0           0           0
    0.306186 0.000430929 0.000430929           0
     0.51031   0.0941239   0.0941239           0
    0.714435    0.100338    0.100338           0
    0.918559     0.20798     0.20798           0
     1.12268    0.237578    0.237578           0
     1.32681    0.419589    0.419589           0
     1.53093    0.450411    0.450411           0
     1.73506    0.573725    0.573725           0
     1.93918    0.376632    0.376632           0
      2.1433    0.638999    0.638999           0
     2.34743    0.463022    0.463022           0
     2.55155    0.320747    0.320747           0
     2.75568    0.420042    0.420042           0
      2.9598     0.20798     0.20798           0
     3.16392    0.150508    0.150508           0
     3.36805   0.0854373   0.0854373           0
     3.57217   0.0428888   0.0428888           0
      3.7763  0.00857321  0.00857321           0
     3.98042   0.0126784   0.0126784           0
     4.18454 0.000158763 0.000158763           0
     4.38867  0.00694022  0.00694022           0
     4.59279    0.013767    0.013767           0
     4.79692   0.0210701   0.0210701           0
     5.00104           0           0           0
     5.20517           0           0           0
     5.40929           0           0           0
     5.61341   0.0251753   0.0251753           0
     5.81754   0.0184165   0.0184165           0
     6.02166  0.00176908  0.00176908           0
    0.102062  0.00451341  0.00225671  0.00159573
    0.306186   0.0375588   0.0189949   0.0131267
     0.51031    0.079427   0.0867754  0.00519615
    0.714435   0.0599218   0.0801301   0.0142894
    0.918559    0.235038    0.221509  0.00956637
     1.12268    0.224469    0.231023  0.00463484
     1.32681    0.376609    0.398099   0.0151955
     1.53093    0.414123    0.432267     0.01283
     1.73506     0.47443    0.524077   0.0351061
     1.93918    0.430929     0.40378   0.0191969
      2.1433    0.578511    0.608755    0.021386
     2.34743    0.565855    0.514438    0.036357
     2.55155    0.392372     0.35656   0.0253232
     2.75568    0.312945    0.366494   0.0378646
      2.9598    0.224083    0.216031  0.00569332
     3.16392    0.163708    0.157108  0.00466691
     3.36805    0.152821    0.119129   0.0238237
     3.57217   0.0611238   0.0520063  0.00644708
      3.7763   0.0395547    0.024064   0.0109536
     3.98042   0.0148784   0.0137784 0.000777819
     4.18454  0.00832373  0.00424125  0.00288675
     4.38867  0.00258557   0.0047629   0.0015396
     4.59279 0.000158763   0.0069629  0.00481125
     4.79692 0.000136083   0.0106031  0.00740131
     5.00104 0.000181444 9.07218e-05   6.415e-05
     5.20517  0.00843713  0.00421857  0.00298298
     5.40929   0.0027897  0.00139485 0.000986307
     5.61341 0.000725775   0.0129505  0.00864422
     5.81754  0.00925363   0.0138351  0.00323958
     6.02166   0.0161938  0.00898146  0.00509993
    0.102062 0.000249485  0.00158763  0.00119589
    0.306186   0.0260145   0.0213348  0.00895725
     0.51031   0.0916517   0.0884009  0.00370963
    0.714435    0.138532   0.0995975   0.0185311
    0.918559    0.184211    0.209076   0.0119884
     1.12268    0.232316    0.231454  0.00310986
     1.32681    0.410789    0.402329   0.0107029
     1.53093    0.365473    0.410002   0.0200907
     1.73506    0.481461    0.509872   0.0261205
     1.93918    0.464995    0.424185   0.0210085
      2.1433    0.504005    0.573838   0.0318755
     2.34743    0.421584    0.483487   0.0350162
     2.55155    0.450094    0.387738    0.030546
     2.75568    0.341205    0.358064   0.0261645
      2.9598    0.243248    0.225104  0.00832321
     3.16392    0.204464    0.172893   0.0132591
     3.36805    0.123699    0.120652   0.0159311
     3.57217   0.0696971   0.0579032  0.00645412
      3.7763   0.0459733   0.0313671  0.00942773
     3.98042   0.0227485   0.0167684  0.00249582
     4.18454   0.0115444  0.00667562  0.00276667
     4.38867  0.00535259  0.00495946  0.00103887
     4.59279  0.00142887  0.00511822  0.00354353
     4.79692     0.03393   0.0183787  0.00804072
     5.00104  0.00889074  0.00302406  0.00239544
     5.20517  0.00535259  0.00459657  0.00201246
     5.40929   0.0100701  0.00428661  0.00245096
     5.61341           0   0.0086337  0.00675525
     5.81754           0  0.00922339  0.00434084
     6.02166           0  0.00598764  0.00418748
    0.102062  0.00587424  0.00265928  0.00129066
    0.306186   0.0185526   0.0206392  0.00674489
     0.51031   0.0873198   0.0881306  0.00279205
    0.714435     0.19165    0.122611   0.0242975
    0.918559    0.278244    0.226368   0.0174672
     1.12268    0.291761    0.246531   0.0132636
     1.32681    0.444378    0.412841   0.0121375
     1.53093    0.484251    0.428564   0.0220331
     1.73506    0.423648    0.488316   0.0270606
     1.93918    0.351162    0.405929   0.0223209
      2.1433    0.357149    0.519666   0.0526546
     2.34743    0.342044    0.448126   0.0403421
     2.55155    0.397135    0.390087   0.0229996
     2.75568    0.307456    0.345412   0.0224751
      2.9598    0.334559    0.252468   0.0245063
     3.16392    0.179697    0.174594   0.0100528
     3.36805    0.107415    0.117343   0.0122873
     3.57217   0.0836002   0.0643275  0.00737458
      3.7763   0.0829878   0.0442723   0.0132251
     3.98042   0.0313217   0.0204067  0.00366496
     4.18454  0.00805156   0.0070196  0.00209628
     4.38867           0   0.0037196  0.00132666
     4.59279 0.000113402  0.00386702  0.00287006
     4.79692    0.031231   0.0215918  0.00664156
     5.00104   0.0332269   0.0105748  0.00678141
     5.20517    0.015332  0.00728043  0.00277136
     5.40929   0.0108186   0.0059196  0.00231928
     5.61341           0  0.00647527  0.00540027
     5.81754           0  0.00691754  0.00381927
     6.02166           0  0.00449073  0.00339764
    0.102062   0.0100474  0.00413692  0.00167715
    0.306186   0.0518249   0.0268763  0.00776127
     0.51031    0.152571    0.101019   0.0117419
    0.714435    0.148239    0.127736   0.0199713
    0.918559    0.208297    0.222754   0.0143428
     1.12268     0.25858    0.248941   0.0108276
     1.32681    0.390127    0.408298   0.0105259
     1.53093    0.323129    0.407477   0.0258153
     1.73506    0.416323    0.473917   0.0251896
     1.93918    0.424306    0.409605   0.0181568
      2.1433    0.463271    0.508387   0.0433148
     2.34743    0.412467    0.440994   0.0328981
     2.55155    0.430611    0.398192   0.0197763
     2.75568     0.30639    0.337608   0.0192876
      2.9598    0.327415    0.267457   0.0237509
     3.16392    0.238349    0.187345   0.0139552
     3.36805     0.10433     0.11474   0.0101017
     3.57217   0.0536393   0.0621898  0.00620175
      3.7763    0.038398   0.0430974   0.0106322
     3.98042   0.0144701   0.0192194  0.00311837
     4.18454   0.0309135   0.0117984  0.00459149
     4.38867   0.0324557  0.00946682   0.0052489
     4.59279    0.021297  0.00735301  0.00387215
     4.79692    0.003833     0.01804  0.00619052
     5.00104   0.0261959    0.013699  0.00610252
     5.20517   0.0111361  0.00805156  0.00232189
     5.40929 0.000362887  0.00480826  0.00210491
     5.61341           0  0.00518022  0.00447281
     5.81754           0  0.00553403  0.00329649
     6.02166           0  0.00359258  0.00283434
    0.102062   0.0109547  0.00527321  0.00174049
    0.306186   0.0271712   0.0269255  0.00646788
     0.51031    0.129392    0.105748   0.0106949
    0.714435    0.195959    0.139107   0.0196143
    0.918559     0.19698    0.218458   0.0125791
     1.12268    0.276112    0.253469  0.00992492
     1.32681     0.30444    0.390988   0.0180729
     1.53093    0.387609    0.404166   0.0217241
     1.73506    0.393755    0.460557   0.0242772
     1.93918    0.525597    0.428937    0.023246
      2.1433    0.337825     0.47996   0.0444557
     2.34743    0.316619    0.420265   0.0333117
     2.55155    0.376314    0.394546    0.016813
     2.75568     0.41317    0.350201   0.0197613
      2.9598    0.333856    0.278524   0.0222215
     3.16392    0.268446    0.200862   0.0169557
     3.36805    0.128734    0.117073  0.00868314
     3.57217   0.0652063   0.0626926  0.00518846
      3.7763   0.0777033   0.0488651   0.0103065
     3.98042   0.0568372   0.0254891  0.00628569
     4.18454   0.0518249   0.0184695  0.00719209
     4.38867   0.0189155   0.0110416  0.00460426
     4.59279  0.00542063  0.00703094  0.00324015
     4.79692 0.000136083    0.015056  0.00583379
     5.00104           0   0.0114158  0.00549597
     5.20517           0  0.00670964  0.00229009
     5.40929           0  0.00400688  0.00190053
     5.61341           0  0.00431685  0.00380975
     5.81754           0  0.00461169  0.00287321
     6.02166           0  0.00299382  0.00242437
    0.102062 0.000635053  0.00461061  0.00161305
    0.306186   0.0247444   0.0266139  0.00555139
     0.51031   0.0974579    0.104563  0.00923237
    0.714435    0.137943    0.138941    0.016813
    0.918559    0.217438    0.218312    0.010783
     1.12268    0.335104    0.265131   0.0137457
     1.32681    0.514189    0.408588   0.0224829
     1.53093    0.372232    0.399604   0.0190936
     1.73506    0.408498     0.45312   0.0219186
     1.93918     0.36638        0.42   0.0215747
      2.1433    0.404574    0.469191   0.0393877
     2.34743    0.425735    0.421047    0.028562
     2.55155    0.348463    0.387962    0.015647
     2.75568    0.305869    0.343868   0.0179244
      2.9598    0.211518    0.268951   0.0210078
     3.16392    0.206982    0.201736    0.014556
     3.36805    0.158468    0.122986  0.00923954
     3.57217   0.0962559   0.0674873  0.00628359
      3.7763   0.0698105   0.0518573  0.00925829
     3.98042    0.078996   0.0331329  0.00889434
     4.18454   0.0636641   0.0249258  0.00858677
     4.38867   0.0205939   0.0124062   0.0041438
     4.59279   0.0251753    0.009623  0.00367045
     4.79692  0.00632785   0.0138092  0.00513191
     5.00104  0.00192784   0.0100604   0.0048751
     5.20517           0  0.00575112  0.00215421
     5.40929           0  0.00343447  0.00171306
     5.61341           0  0.00370016  0.00331504
     5.81754           0  0.00395288  0.00253716
     6.02166           0  0.00256613  0.00211542
    0.102062   0.0127918  0.00563326  0.00170505
    0.306186   0.0581981   0.0305619  0.00610193
     0.51031   0.0743692    0.100789  0.00881611
    0.714435   0.0673836    0.129996   0.0169242
    0.918559    0.142978    0.208896   0.0129079
     1.12268    0.255904    0.263978   0.0120758
     1.32681    0.437415    0.412192   0.0199592
     1.53093    0.390036    0.398408   0.0167443
     1.73506    0.489422    0.457658   0.0196429
     1.93918    0.459121     0.42489   0.0194241
      2.1433    0.543129    0.478433   0.0355321
     2.34743    0.407182    0.419314   0.0250443
     2.55155    0.409949    0.390711   0.0139304
     2.75568    0.305392    0.339059   0.0163163
      2.9598    0.145903     0.25357    0.023343
     3.16392    0.160192    0.196543   0.0136314
     3.36805    0.266813    0.140965   0.0186595
     3.57217   0.0959383   0.0710437  0.00642623
      3.7763   0.0552496   0.0522813  0.00811071
     3.98042   0.0421857   0.0342645   0.0078542
     4.18454   0.0519609   0.0283052  0.00815134
     4.38867    0.014198   0.0126302  0.00363187
     4.59279   0.0117258  0.00988585  0.00322104
     4.79692  0.00154227   0.0122758  0.00471394
     5.00104           0  0.00880285  0.00442494
     5.20517           0  0.00503223   0.0020013
     5.40929           0  0.00300516  0.00155179
     5.61341           0  0.00323764  0.00293275
     5.81754           0  0.00345877  0.00226762
     6.02166           0  0.00224537  0.00187515
    0.102062           0  0.00500734  0.00162643
    0.306186   0.0184392    0.029215  0.00557062
     0.51031   0.0439547   0.0944742  0.00984169
    0.714435    0.094827    0.126088   0.0154883
    0.918559    0.140347    0.201279   0.0135356
     1.12268    0.277541    0.265485   0.0108277
     1.32681      0.3899    0.409715   0.0178946
     1.53093    0.381417     0.39652   0.0149899
     1.73506    0.531426    0.465854    0.019094
     1.93918    0.488877       0.432   0.0185214
      2.1433    0.470483     0.47755    0.031595
     2.34743    0.542108    0.432957   0.0257109
     2.55155    0.348894    0.386064   0.0131346
     2.75568    0.275386    0.331984   0.0159637
      2.9598    0.327279     0.26176   0.0221394
     3.16392    0.160668    0.192557   0.0126862
     3.36805    0.135244    0.140329   0.0165971
     3.57217    0.115716   0.0760073  0.00738436
      3.7763   0.0523465   0.0522885  0.00720952
     3.98042   0.0193464   0.0326069  0.00715428
     4.18454   0.0377856   0.0293586  0.00731338
     4.38867   0.0391238   0.0155739  0.00425733
     4.59279  0.00217732  0.00902934  0.00297484
     4.79692   0.0056928   0.0115444  0.00424653
     5.00104           0  0.00782476  0.00403993
     5.20517           0  0.00447309  0.00185539
     5.40929           0  0.00267125  0.00141484
     5.61341           0   0.0028779  0.00262886
     5.81754           0  0.00307446  0.00204797
     6.02166           0  0.00199588  0.00168332
    0.102062   0.0149011  0.00599671  0.00173886
    0.306186    0.073394   0.0336329  0.00653466
     0.51031   0.0699919    0.092026  0.00915697
    0.714435    0.088794    0.122359   0.0143815
    0.918559    0.198046    0.200956   0.0121859
     1.12268    0.341341     0.27307   0.0121141
     1.32681    0.375452    0.406289   0.0164299
     1.53093    0.397679    0.396636   0.0134914
     1.73506    0.427164    0.461985   0.0175722
     1.93918    0.448642    0.433664   0.0167439
      2.1433    0.395434    0.469338   0.0294833
     2.34743    0.358986     0.42556   0.0241805
     2.55155    0.398654    0.387323   0.0118814
     2.75568    0.326576    0.331443   0.0143765
      2.9598     0.33143    0.268727   0.0209931
     3.16392    0.225693    0.195871   0.0118424
     3.36805    0.122973    0.138593   0.0150278
     3.57217    0.115398   0.0799464   0.0076245
      3.7763   0.0456104   0.0516207  0.00651942
     3.98042   0.0554764   0.0348939  0.00679455
     4.18454   0.0149464   0.0279174  0.00672255
     4.38867   0.0271712   0.0167336  0.00398643
     4.59279  0.00791548  0.00891796  0.00267944
     4.79692  0.00934435   0.0113244  0.00382757
     5.00104   0.0260372    0.009646  0.00402558
     5.20517  0.00192784  0.00421857  0.00168722
     5.40929           0  0.00240413  0.00129833
     5.61341           0  0.00259011  0.00238167
     5.81754           0  0.00276702   0.0018661
     6.02166           0  0.00179629  0.00152677
    0.102062           0  0.00545156  0.00166405
    0.306186   0.0188475   0.0322887  0.00607727
     0.51031   0.0710579   0.0901198  0.00852061
    0.714435    0.161485    0.125916   0.0135068
    0.918559    0.253091    0.205695   0.0119643
     1.12268    0.331634    0.278394   0.0121264
     1.32681    0.325623    0.398955   0.0164918
     1.53093    0.343223     0.39178   0.0131096
     1.73506    0.452974    0.461166   0.0159938
     1.93918     0.43145    0.433463   0.0152229
      2.1433    0.455174     0.46805   0.0268311
     2.34743    0.439547    0.426832   0.0220157
     2.55155    0.447576    0.392801   0.0119976
     2.75568    0.290378     0.32771   0.0135456
      2.9598     0.24225     0.26632   0.0192221
     3.16392    0.238258    0.199724   0.0113755
     3.36805    0.130072    0.137819   0.0136816
     3.57217    0.103241   0.0820641  0.00721948
      3.7763   0.0497836   0.0514537  0.00592889
     3.98042   0.0127237   0.0328784  0.00646889
     4.18454  0.00877734   0.0261774  0.00633259
     4.38867  0.00269897   0.0154578  0.00382275
     4.59279   0.0364021   0.0114165  0.00340715
     4.79692  0.00734847   0.0109629  0.00349664
     5.00104           0  0.00876909  0.00375391
     5.20517   0.0311176  0.00666393  0.00279085
     5.40929  0.00471754  0.00261444  0.00119721
     5.61341  0.00551135  0.00285568  0.00217991
     5.81754  0.00401444  0.00288042   0.0016999
     6.02166           0  0.00163299  0.00139668
    0.102062  0.00136083  0.00511066   0.0015599
    0.306186   0.0286454   0.0319851  0.00557841
     0.51031   0.0632785    0.087883  0.00809883
    0.714435    0.181897    0.130581   0.0131622
    0.918559    0.279287    0.211828   0.0124401
     1.12268    0.292351    0.279557   0.0111715
     1.32681    0.390104    0.398218   0.0151339
     1.53093    0.322947    0.386044   0.0132126
     1.73506    0.479352    0.462681   0.0147326
     1.93918    0.353248    0.426778    0.015352
      2.1433    0.367174    0.459644   0.0258786
     2.34743    0.460776    0.429661   0.0203619
     2.55155    0.431269    0.396007    0.011418
     2.75568    0.285456    0.324189   0.0128663
      2.9598    0.267629    0.266429   0.0176206
     3.16392    0.238803    0.202981   0.0108837
     3.36805    0.189972    0.142165   0.0132137
     3.57217   0.0773631   0.0816723  0.00662848
      3.7763   0.0784971   0.0537073  0.00584746
     3.98042   0.0127691   0.0312026  0.00614304
     4.18454  0.00657733    0.024544  0.00601182
     4.38867   0.0147877   0.0154019   0.0035046
     4.59279   0.0226124   0.0123495  0.00324845
     4.79692  0.00360619   0.0103499  0.00325855
     5.00104   0.0124289  0.00907407  0.00345345
     5.20517   0.0367877  0.00917425  0.00351018
     5.40929           0  0.00239657  0.00111709
     5.61341           0   0.0026177   0.0020112
     5.81754           0  0.00264038   0.0015751
     6.02166           0  0.00149691   0.0012869
    0.102062 0.000362887  0.00474545  0.00148205
    0.306186   0.0105237   0.0303342  0.00538805
     0.51031    0.117303   0.0901461  0.00778563
    0.714435    0.171124      0.1337   0.0125138
    0.918559    0.252048    0.214922   0.0118617
     1.12268    0.278267    0.279458   0.0103126
     1.32681     0.50117    0.406137   0.0159075
     1.53093    0.399675    0.387093   0.0122378
     1.73506    0.295662    0.449834   0.0183659
     1.93918    0.373729    0.422697   0.0147034
      2.1433    0.408566    0.455715   0.0241844
     2.34743    0.367582    0.424885   0.0193475
     2.55155    0.359871    0.393227   0.0108728
     2.75568    0.354042    0.326485   0.0120798
      2.9598    0.323038    0.270784   0.0167946
     3.16392    0.251209    0.206691     0.01066
     3.36805    0.137738    0.141824   0.0122017
     3.57217    0.125378   0.0850343  0.00691885
      3.7763   0.0572455   0.0539795  0.00540398
     3.98042   0.0330454   0.0313444  0.00567213
     4.18454   0.0244722   0.0245385  0.00554938
     4.38867   0.0041732   0.0145382  0.00333976
     4.59279   0.0232248   0.0131861  0.00310442
     4.79692   0.0227939   0.0113071  0.00314535
     5.00104   0.0067361  0.00889423  0.00319248
     5.20517           0  0.00846854  0.00331034
     5.40929           0  0.00221222  0.00104626
     5.61341           0  0.00241634  0.00186655
     5.81754           0  0.00243728  0.00146697
     6.02166           0  0.00138176  0.00119305
    0.102062   0.0146743  0.00545465  0.00153653
    0.306186   0.0538888   0.0320167  0.00525931
     0.51031   0.0583795   0.0878771  0.00755292
    0.714435    0.146448     0.13461    0.011653
    0.918559    0.185776     0.21284   0.0111956
     1.12268    0.256743    0.277836  0.00970276
     1.32681    0.336419    0.401157   0.0155311
     1.53093    0.359689    0.385135   0.0115191
     1.73506    0.326848    0.441049   0.0190394
     1.93918    0.578102    0.433798   0.0173443
      2.1433    0.455401    0.455693   0.0224569
     2.34743    0.436644    0.425725   0.0179837
     2.55155    0.423603    0.395397   0.0103104
     2.75568    0.329184    0.326678   0.0112185
      2.9598    0.316098     0.27402   0.0159038
     3.16392     0.22905    0.208288   0.0100175
     3.36805    0.132409    0.141152   0.0113487
     3.57217    0.105532   0.0864984  0.00657774
      3.7763   0.0872064   0.0563528  0.00551458
     3.98042   0.0622125   0.0335493  0.00567937
     4.18454  0.00467217   0.0231195  0.00533134
     4.38867           0   0.0134997  0.00325865
     4.59279           0   0.0122442  0.00302218
     4.79692           0   0.0104994   0.0030226
     5.00104           0  0.00825893    0.003027
     5.20517           0  0.00786364  0.00312867
     5.40929           0   0.0020542 0.000983387
     5.61341           0  0.00224375  0.00174118
     5.81754           0  0.00226319  0.00137248
     6.02166           0  0.00128307  0.00111191
    0.102062 0.000136083  0.00510008  0.00147444
    0.306186  0.00106598   0.0299533  0.00529802
     0.51031   0.0318887   0.0841445  0.00791815
    0.714435    0.148693    0.135549   0.0109139
    0.918559    0.283438    0.217546   0.0113957
     1.12268    0.260825    0.276702  0.00912194
     1.32681    0.258081    0.391619   0.0171768
     1.53093    0.383731    0.385042   0.0107515
     1.73506    0.519904    0.446306   0.0184816
     1.93918     0.43796    0.434075   0.0161902
      2.1433    0.450434    0.455342   0.0209625
     2.34743    0.386906    0.423137     0.01697
     2.55155    0.447894    0.398896   0.0101998
     2.75568    0.380986    0.330299   0.0110394
      2.9598    0.312106    0.276559   0.0150449
     3.16392    0.228188    0.209614  0.00943714
     3.36805    0.161757    0.142526   0.0106749
     3.57217   0.0815816   0.0861706  0.00614738
      3.7763   0.0302104     0.05461  0.00541535
     3.98042   0.0654558   0.0356764  0.00568514
     4.18454  0.00868662   0.0221573    0.005062
     4.38867   0.0130866   0.0134722  0.00304152
     4.59279  0.00501238   0.0117621   0.0028589
     4.79692 0.000952579  0.00986298  0.00288732
     5.00104           0  0.00770833  0.00287484
     5.20517           0   0.0073394  0.00296369
     5.40929           0  0.00191725 0.000927315
     5.61341           0  0.00209416  0.00163152
     5.81754           0  0.00211231  0.00128925
     6.02166           0  0.00119753  0.00104107
    0.102062  0.00315258  0.00497836   0.0013873
    0.306186   0.0198681    0.029323  0.00500425
     0.51031   0.0425032   0.0815419  0.00783932
    0.714435    0.112314    0.134097   0.0103279
    0.918559    0.278335    0.221346    0.011299
     1.12268    0.306436     0.27856  0.00873907
     1.32681    0.400605    0.392181   0.0161124
     1.53093    0.417479    0.387069   0.0102689
     1.73506    0.416617    0.444451   0.0174194
     1.93918     0.35259    0.428982   0.0159593
      2.1433     0.32043     0.44691   0.0212808
     2.34743    0.373638    0.420044   0.0161889
     2.55155    0.364883    0.396771  0.00978129
     2.75568    0.345446    0.331245   0.0103899
      2.9598    0.417547    0.285371   0.0164843
     3.16392    0.306685    0.215681   0.0106199
     3.36805    0.216961    0.147178   0.0109747
     3.57217    0.110023   0.0876614  0.00594118
      3.7763   0.0424578   0.0538505  0.00512987
     3.98042   0.0215238   0.0347918  0.00539819
     4.18454   0.0106145   0.0214359  0.00479676
     4.38867   0.0134722   0.0134722  0.00285143
     4.59279  0.00539795   0.0113643  0.00270775
     4.79692           0  0.00924654  0.00277189
     5.00104           0  0.00722656  0.00273523
     5.20517           0  0.00688068  0.00281373
     5.40929           0  0.00179743 0.000877066
     5.61341           0  0.00196328  0.00153479
     5.81754           0  0.00198029  0.00121541
     6.02166           0  0.00112268 0.000978686
    0.102062  0.00433197  0.00494034  0.00130622
    0.306186   0.0108866   0.0282385  0.00482596
     0.51031   0.0643671   0.0805316    0.007443
    0.714435    0.143386    0.134643  0.00973486
    0.918559    0.229504    0.221826   0.0106446
     1.12268    0.309997    0.280409  0.00841838
     1.32681    0.348032    0.389584   0.0153725
     1.53093    0.393551     0.38745  0.00967196
     1.73506    0.300017    0.435954   0.0183501
     1.93918    0.374636    0.425786   0.0153373
      2.1433    0.498607    0.449951   0.0202451
     2.34743    0.480281    0.423587   0.0156196
     2.55155    0.395048    0.396669  0.00920645
     2.75568    0.313988     0.33023   0.0098282
      2.9598    0.279763    0.285041    0.015518
     3.16392    0.182306    0.213718   0.0101751
     3.36805     0.24572    0.152974   0.0117608
     3.57217    0.224106   0.0956875  0.00958627
      3.7763   0.0669754   0.0546226  0.00488587
     3.98042   0.0270805   0.0343382  0.00509967
     4.18454  0.00467217   0.0204498  0.00461484
     4.38867 0.000725775   0.0127224  0.00278053
     4.59279  0.00099794   0.0107545  0.00261623
     4.79692           0  0.00870263  0.00266166
     5.00104           0  0.00680147  0.00260716
     5.20517           0  0.00647594  0.00267717
     5.40929           0   0.0016917 0.000831822
     5.61341           0  0.00184779  0.00144884
     5.81754           0   0.0018638  0.00114949
     6.02166           0  0.00105664 0.000923342
    0.102062 0.000521651  0.00469486  0.00125651
    0.306186  0.00852785   0.0271435  0.00468044
     0.51031    0.041732   0.0783761  0.00733499
    0.714435    0.142048    0.135055  0.00920272
    0.918559    0.246242    0.223182   0.0101393
     1.12268    0.287792    0.280819  0.00796068
     1.32681    0.412263    0.390844     0.01457
     1.53093    0.416776     0.38908  0.00927083
     1.73506    0.416867    0.434894   0.0173612
     1.93918    0.492166    0.429473    0.014922
      2.1433    0.404302    0.447415   0.0192785
     2.34743    0.426665    0.423758   0.0147528
     2.55155    0.421879     0.39807  0.00880086
     2.75568    0.302285    0.328678  0.00940401
      2.9598     0.21365    0.281075   0.0151542
     3.16392    0.184868    0.212115  0.00973518
     3.36805    0.153592    0.153009   0.0111075
     3.57217    0.171056   0.0998747  0.00992611
      3.7763   0.0707404    0.055518  0.00469577
     3.98042   0.0478104   0.0350867  0.00487097
     4.18454    0.018666   0.0203507  0.00435952
     4.38867  0.00546599   0.0123193  0.00265512
     4.59279   0.0101608   0.0107216  0.00247109
     4.79692   0.0029031  0.00838043  0.00253322
     5.00104           0  0.00642361  0.00248955
     5.20517           0  0.00611616   0.0025525
     5.40929           0  0.00159771 0.000790901
     5.61341           0  0.00174514  0.00137199
     5.81754           0  0.00176026  0.00109028
     6.02166           0  0.00099794 0.000873909
    0.102062   0.0117258   0.0050649  0.00124367
    0.306186   0.0169423   0.0266066  0.00446479
     0.51031   0.0242454   0.0755271  0.00748179
    0.714435   0.0762744    0.131961  0.00922373
    0.918559    0.211631    0.222574  0.00962383
     1.12268    0.369329    0.285478  0.00879975
     1.32681    0.349823    0.388685   0.0139622
     1.53093    0.317753    0.385326  0.00951263
     1.73506    0.542585    0.440562    0.017348
     1.93918    0.460595    0.431111   0.0142263
      2.1433    0.478943    0.449074   0.0183352
     2.34743    0.486473    0.427059   0.0143408
     2.55155    0.438572    0.400202  0.00859195
     2.75568    0.287566    0.326514  0.00915461
      2.9598    0.209159     0.27729   0.0148218
     3.16392     0.14012    0.208326  0.00993291
     3.36805    0.170171    0.153912   0.0105595
     3.57217     0.11719    0.100786  0.00944542
      3.7763      0.1034   0.0580381  0.00508005
     3.98042   0.0395094   0.0353194  0.00462016
     4.18454   0.0173279   0.0201916  0.00413298
     4.38867    0.021864   0.0128216  0.00256246
     4.59279  0.00653197   0.0105011  0.00235085
     4.79692  0.00124743  0.00800501  0.00242755
     5.00104           0  0.00608553  0.00238136
     5.20517           0  0.00579426  0.00243837
     5.40929           0  0.00151362 0.000753732
     5.61341           0  0.00165329  0.00130285
     5.81754           0  0.00166761  0.00103682
     6.02166           0 0.000945417 0.000829491
    0.102062  0.00183712  0.00490352  0.00119191
    0.306186   0.0424805   0.0274003  0.00431152
     0.51031   0.0890435   0.0762029  0.00713816
    0.714435     0.17126    0.133926   0.0089694
    0.918559    0.296728    0.226282  0.00983095
     1.12268    0.292782    0.285843  0.00836734
     1.32681    0.414236    0.389962   0.0133224
     1.53093    0.345242    0.383321  0.00924571
     1.73506    0.377403    0.437404   0.0167656
     1.93918    0.324671    0.425789   0.0144762
      2.1433    0.304032    0.441822    0.018798
     2.34743      0.3085    0.421131   0.0147984
     2.55155    0.647527    0.412568   0.0145569
     2.75568    0.389786    0.329678  0.00922735
      2.9598    0.258285     0.27634   0.0141111
     3.16392    0.176794    0.206749  0.00956057
     3.36805    0.160804    0.154257   0.0100372
     3.57217    0.175774    0.104535  0.00968878
      3.7763   0.0626208   0.0582672  0.00483122
     3.98042   0.0233609   0.0347215  0.00442768
     4.18454  0.00898146   0.0196311  0.00396415
     4.38867   0.0130413   0.0128326  0.00243436
     4.59279   0.0137897   0.0106655  0.00223905
     4.79692           0  0.00760476  0.00233894
     5.00104           0  0.00578125  0.00228165
     5.20517           0  0.00550455   0.0023336
     5.40929           0  0.00143794 0.000719835
     5.61341           0  0.00157062  0.00124032
     5.81754           0  0.00158423  0.00098833
     6.02166           0 0.000898146 0.000789362
